{
 "cells": [
  {
   "cell_type": "code",
   "execution_count": 26,
   "metadata": {},
   "outputs": [],
   "source": [
    "import numpy as np\n",
    "import pandas as pd\n",
    "import matplotlib.pyplot as plt\n",
    "import seaborn as sb"
   ]
  },
  {
   "cell_type": "code",
   "execution_count": 27,
   "metadata": {},
   "outputs": [],
   "source": [
    "feature = pd.read_csv('data/feature.csv', index_col=0)\n",
    "price = pd.read_csv('data/price.csv', index_col=0)"
   ]
  },
  {
   "cell_type": "code",
   "execution_count": 28,
   "metadata": {},
   "outputs": [],
   "source": [
    "df = pd.concat([feature, price], axis=1)"
   ]
  },
  {
   "cell_type": "code",
   "execution_count": 29,
   "metadata": {},
   "outputs": [
    {
     "data": {
      "text/html": [
       "<div>\n",
       "<style scoped>\n",
       "    .dataframe tbody tr th:only-of-type {\n",
       "        vertical-align: middle;\n",
       "    }\n",
       "\n",
       "    .dataframe tbody tr th {\n",
       "        vertical-align: top;\n",
       "    }\n",
       "\n",
       "    .dataframe thead th {\n",
       "        text-align: right;\n",
       "    }\n",
       "</style>\n",
       "<table border=\"1\" class=\"dataframe\">\n",
       "  <thead>\n",
       "    <tr style=\"text-align: right;\">\n",
       "      <th></th>\n",
       "      <th>area</th>\n",
       "      <th>bathroom</th>\n",
       "      <th>bedroom</th>\n",
       "      <th>lat</th>\n",
       "      <th>long</th>\n",
       "      <th>school</th>\n",
       "      <th>mrt</th>\n",
       "      <th>age</th>\n",
       "      <th>type_condo</th>\n",
       "      <th>type_hdb</th>\n",
       "      <th>bathroom_area</th>\n",
       "      <th>bedroom_area</th>\n",
       "      <th>remaining_area</th>\n",
       "      <th>convenience</th>\n",
       "      <th>distance_from_central</th>\n",
       "      <th>price_sqft</th>\n",
       "    </tr>\n",
       "  </thead>\n",
       "  <tbody>\n",
       "    <tr>\n",
       "      <td>area</td>\n",
       "      <td>1.000000</td>\n",
       "      <td>0.701606</td>\n",
       "      <td>0.761255</td>\n",
       "      <td>0.075706</td>\n",
       "      <td>-0.047342</td>\n",
       "      <td>0.013446</td>\n",
       "      <td>-0.112479</td>\n",
       "      <td>0.143876</td>\n",
       "      <td>-0.079657</td>\n",
       "      <td>0.079657</td>\n",
       "      <td>0.892489</td>\n",
       "      <td>0.930523</td>\n",
       "      <td>0.703908</td>\n",
       "      <td>-0.037418</td>\n",
       "      <td>0.112125</td>\n",
       "      <td>-0.189699</td>\n",
       "    </tr>\n",
       "    <tr>\n",
       "      <td>bathroom</td>\n",
       "      <td>0.701606</td>\n",
       "      <td>1.000000</td>\n",
       "      <td>0.656029</td>\n",
       "      <td>0.080099</td>\n",
       "      <td>0.000237</td>\n",
       "      <td>-0.005949</td>\n",
       "      <td>-0.131680</td>\n",
       "      <td>-0.003853</td>\n",
       "      <td>0.109343</td>\n",
       "      <td>-0.109343</td>\n",
       "      <td>0.911181</td>\n",
       "      <td>0.703371</td>\n",
       "      <td>0.249378</td>\n",
       "      <td>-0.064874</td>\n",
       "      <td>0.103933</td>\n",
       "      <td>-0.063693</td>\n",
       "    </tr>\n",
       "    <tr>\n",
       "      <td>bedroom</td>\n",
       "      <td>0.761255</td>\n",
       "      <td>0.656029</td>\n",
       "      <td>1.000000</td>\n",
       "      <td>0.276940</td>\n",
       "      <td>0.011400</td>\n",
       "      <td>0.209758</td>\n",
       "      <td>-0.220877</td>\n",
       "      <td>0.219340</td>\n",
       "      <td>-0.333543</td>\n",
       "      <td>0.333543</td>\n",
       "      <td>0.705989</td>\n",
       "      <td>0.912727</td>\n",
       "      <td>0.179164</td>\n",
       "      <td>0.104603</td>\n",
       "      <td>0.288050</td>\n",
       "      <td>-0.422425</td>\n",
       "    </tr>\n",
       "    <tr>\n",
       "      <td>lat</td>\n",
       "      <td>0.075706</td>\n",
       "      <td>0.080099</td>\n",
       "      <td>0.276940</td>\n",
       "      <td>1.000000</td>\n",
       "      <td>0.076324</td>\n",
       "      <td>0.565930</td>\n",
       "      <td>-0.342833</td>\n",
       "      <td>-0.024168</td>\n",
       "      <td>-0.336320</td>\n",
       "      <td>0.336320</td>\n",
       "      <td>0.037311</td>\n",
       "      <td>0.169406</td>\n",
       "      <td>-0.095221</td>\n",
       "      <td>0.395805</td>\n",
       "      <td>0.758342</td>\n",
       "      <td>-0.583385</td>\n",
       "    </tr>\n",
       "    <tr>\n",
       "      <td>long</td>\n",
       "      <td>-0.047342</td>\n",
       "      <td>0.000237</td>\n",
       "      <td>0.011400</td>\n",
       "      <td>0.076324</td>\n",
       "      <td>1.000000</td>\n",
       "      <td>0.108215</td>\n",
       "      <td>-0.081939</td>\n",
       "      <td>-0.064216</td>\n",
       "      <td>0.011981</td>\n",
       "      <td>-0.011981</td>\n",
       "      <td>-0.029219</td>\n",
       "      <td>-0.023170</td>\n",
       "      <td>-0.075566</td>\n",
       "      <td>0.068332</td>\n",
       "      <td>0.250361</td>\n",
       "      <td>-0.069531</td>\n",
       "    </tr>\n",
       "    <tr>\n",
       "      <td>school</td>\n",
       "      <td>0.013446</td>\n",
       "      <td>-0.005949</td>\n",
       "      <td>0.209758</td>\n",
       "      <td>0.565930</td>\n",
       "      <td>0.108215</td>\n",
       "      <td>1.000000</td>\n",
       "      <td>-0.166031</td>\n",
       "      <td>0.060975</td>\n",
       "      <td>-0.369423</td>\n",
       "      <td>0.369423</td>\n",
       "      <td>-0.042618</td>\n",
       "      <td>0.092344</td>\n",
       "      <td>-0.093377</td>\n",
       "      <td>0.896743</td>\n",
       "      <td>0.417048</td>\n",
       "      <td>-0.442197</td>\n",
       "    </tr>\n",
       "    <tr>\n",
       "      <td>mrt</td>\n",
       "      <td>-0.112479</td>\n",
       "      <td>-0.131680</td>\n",
       "      <td>-0.220877</td>\n",
       "      <td>-0.342833</td>\n",
       "      <td>-0.081939</td>\n",
       "      <td>-0.166031</td>\n",
       "      <td>1.000000</td>\n",
       "      <td>-0.116762</td>\n",
       "      <td>0.181266</td>\n",
       "      <td>-0.181266</td>\n",
       "      <td>-0.107546</td>\n",
       "      <td>-0.164558</td>\n",
       "      <td>0.025010</td>\n",
       "      <td>0.287523</td>\n",
       "      <td>-0.372251</td>\n",
       "      <td>0.403920</td>\n",
       "    </tr>\n",
       "    <tr>\n",
       "      <td>age</td>\n",
       "      <td>0.143876</td>\n",
       "      <td>-0.003853</td>\n",
       "      <td>0.219340</td>\n",
       "      <td>-0.024168</td>\n",
       "      <td>-0.064216</td>\n",
       "      <td>0.060975</td>\n",
       "      <td>-0.116762</td>\n",
       "      <td>1.000000</td>\n",
       "      <td>-0.599195</td>\n",
       "      <td>0.599195</td>\n",
       "      <td>0.039182</td>\n",
       "      <td>0.171830</td>\n",
       "      <td>0.087904</td>\n",
       "      <td>0.006821</td>\n",
       "      <td>0.004781</td>\n",
       "      <td>-0.580174</td>\n",
       "    </tr>\n",
       "    <tr>\n",
       "      <td>type_condo</td>\n",
       "      <td>-0.079657</td>\n",
       "      <td>0.109343</td>\n",
       "      <td>-0.333543</td>\n",
       "      <td>-0.336320</td>\n",
       "      <td>0.011981</td>\n",
       "      <td>-0.369423</td>\n",
       "      <td>0.181266</td>\n",
       "      <td>-0.599195</td>\n",
       "      <td>1.000000</td>\n",
       "      <td>-1.000000</td>\n",
       "      <td>0.085622</td>\n",
       "      <td>-0.186497</td>\n",
       "      <td>0.043873</td>\n",
       "      <td>-0.277455</td>\n",
       "      <td>-0.286171</td>\n",
       "      <td>0.795512</td>\n",
       "    </tr>\n",
       "    <tr>\n",
       "      <td>type_hdb</td>\n",
       "      <td>0.079657</td>\n",
       "      <td>-0.109343</td>\n",
       "      <td>0.333543</td>\n",
       "      <td>0.336320</td>\n",
       "      <td>-0.011981</td>\n",
       "      <td>0.369423</td>\n",
       "      <td>-0.181266</td>\n",
       "      <td>0.599195</td>\n",
       "      <td>-1.000000</td>\n",
       "      <td>1.000000</td>\n",
       "      <td>-0.085622</td>\n",
       "      <td>0.186497</td>\n",
       "      <td>-0.043873</td>\n",
       "      <td>0.277455</td>\n",
       "      <td>0.286171</td>\n",
       "      <td>-0.795512</td>\n",
       "    </tr>\n",
       "    <tr>\n",
       "      <td>bathroom_area</td>\n",
       "      <td>0.892489</td>\n",
       "      <td>0.911181</td>\n",
       "      <td>0.705989</td>\n",
       "      <td>0.037311</td>\n",
       "      <td>-0.029219</td>\n",
       "      <td>-0.042618</td>\n",
       "      <td>-0.107546</td>\n",
       "      <td>0.039182</td>\n",
       "      <td>0.085622</td>\n",
       "      <td>-0.085622</td>\n",
       "      <td>1.000000</td>\n",
       "      <td>0.865226</td>\n",
       "      <td>0.455888</td>\n",
       "      <td>-0.089657</td>\n",
       "      <td>0.068408</td>\n",
       "      <td>-0.060933</td>\n",
       "    </tr>\n",
       "    <tr>\n",
       "      <td>bedroom_area</td>\n",
       "      <td>0.930523</td>\n",
       "      <td>0.703371</td>\n",
       "      <td>0.912727</td>\n",
       "      <td>0.169406</td>\n",
       "      <td>-0.023170</td>\n",
       "      <td>0.092344</td>\n",
       "      <td>-0.164558</td>\n",
       "      <td>0.171830</td>\n",
       "      <td>-0.186497</td>\n",
       "      <td>0.186497</td>\n",
       "      <td>0.865226</td>\n",
       "      <td>1.000000</td>\n",
       "      <td>0.411184</td>\n",
       "      <td>0.015839</td>\n",
       "      <td>0.197546</td>\n",
       "      <td>-0.284501</td>\n",
       "    </tr>\n",
       "    <tr>\n",
       "      <td>remaining_area</td>\n",
       "      <td>0.703908</td>\n",
       "      <td>0.249378</td>\n",
       "      <td>0.179164</td>\n",
       "      <td>-0.095221</td>\n",
       "      <td>-0.075566</td>\n",
       "      <td>-0.093377</td>\n",
       "      <td>0.025010</td>\n",
       "      <td>0.087904</td>\n",
       "      <td>0.043873</td>\n",
       "      <td>-0.043873</td>\n",
       "      <td>0.455888</td>\n",
       "      <td>0.411184</td>\n",
       "      <td>1.000000</td>\n",
       "      <td>-0.079469</td>\n",
       "      <td>-0.059182</td>\n",
       "      <td>-0.013792</td>\n",
       "    </tr>\n",
       "    <tr>\n",
       "      <td>convenience</td>\n",
       "      <td>-0.037418</td>\n",
       "      <td>-0.064874</td>\n",
       "      <td>0.104603</td>\n",
       "      <td>0.395805</td>\n",
       "      <td>0.068332</td>\n",
       "      <td>0.896743</td>\n",
       "      <td>0.287523</td>\n",
       "      <td>0.006821</td>\n",
       "      <td>-0.277455</td>\n",
       "      <td>0.277455</td>\n",
       "      <td>-0.089657</td>\n",
       "      <td>0.015839</td>\n",
       "      <td>-0.079469</td>\n",
       "      <td>1.000000</td>\n",
       "      <td>0.238000</td>\n",
       "      <td>-0.248214</td>\n",
       "    </tr>\n",
       "    <tr>\n",
       "      <td>distance_from_central</td>\n",
       "      <td>0.112125</td>\n",
       "      <td>0.103933</td>\n",
       "      <td>0.288050</td>\n",
       "      <td>0.758342</td>\n",
       "      <td>0.250361</td>\n",
       "      <td>0.417048</td>\n",
       "      <td>-0.372251</td>\n",
       "      <td>0.004781</td>\n",
       "      <td>-0.286171</td>\n",
       "      <td>0.286171</td>\n",
       "      <td>0.068408</td>\n",
       "      <td>0.197546</td>\n",
       "      <td>-0.059182</td>\n",
       "      <td>0.238000</td>\n",
       "      <td>1.000000</td>\n",
       "      <td>-0.594231</td>\n",
       "    </tr>\n",
       "    <tr>\n",
       "      <td>price_sqft</td>\n",
       "      <td>-0.189699</td>\n",
       "      <td>-0.063693</td>\n",
       "      <td>-0.422425</td>\n",
       "      <td>-0.583385</td>\n",
       "      <td>-0.069531</td>\n",
       "      <td>-0.442197</td>\n",
       "      <td>0.403920</td>\n",
       "      <td>-0.580174</td>\n",
       "      <td>0.795512</td>\n",
       "      <td>-0.795512</td>\n",
       "      <td>-0.060933</td>\n",
       "      <td>-0.284501</td>\n",
       "      <td>-0.013792</td>\n",
       "      <td>-0.248214</td>\n",
       "      <td>-0.594231</td>\n",
       "      <td>1.000000</td>\n",
       "    </tr>\n",
       "  </tbody>\n",
       "</table>\n",
       "</div>"
      ],
      "text/plain": [
       "                           area  bathroom   bedroom       lat      long  \\\n",
       "area                   1.000000  0.701606  0.761255  0.075706 -0.047342   \n",
       "bathroom               0.701606  1.000000  0.656029  0.080099  0.000237   \n",
       "bedroom                0.761255  0.656029  1.000000  0.276940  0.011400   \n",
       "lat                    0.075706  0.080099  0.276940  1.000000  0.076324   \n",
       "long                  -0.047342  0.000237  0.011400  0.076324  1.000000   \n",
       "school                 0.013446 -0.005949  0.209758  0.565930  0.108215   \n",
       "mrt                   -0.112479 -0.131680 -0.220877 -0.342833 -0.081939   \n",
       "age                    0.143876 -0.003853  0.219340 -0.024168 -0.064216   \n",
       "type_condo            -0.079657  0.109343 -0.333543 -0.336320  0.011981   \n",
       "type_hdb               0.079657 -0.109343  0.333543  0.336320 -0.011981   \n",
       "bathroom_area          0.892489  0.911181  0.705989  0.037311 -0.029219   \n",
       "bedroom_area           0.930523  0.703371  0.912727  0.169406 -0.023170   \n",
       "remaining_area         0.703908  0.249378  0.179164 -0.095221 -0.075566   \n",
       "convenience           -0.037418 -0.064874  0.104603  0.395805  0.068332   \n",
       "distance_from_central  0.112125  0.103933  0.288050  0.758342  0.250361   \n",
       "price_sqft            -0.189699 -0.063693 -0.422425 -0.583385 -0.069531   \n",
       "\n",
       "                         school       mrt       age  type_condo  type_hdb  \\\n",
       "area                   0.013446 -0.112479  0.143876   -0.079657  0.079657   \n",
       "bathroom              -0.005949 -0.131680 -0.003853    0.109343 -0.109343   \n",
       "bedroom                0.209758 -0.220877  0.219340   -0.333543  0.333543   \n",
       "lat                    0.565930 -0.342833 -0.024168   -0.336320  0.336320   \n",
       "long                   0.108215 -0.081939 -0.064216    0.011981 -0.011981   \n",
       "school                 1.000000 -0.166031  0.060975   -0.369423  0.369423   \n",
       "mrt                   -0.166031  1.000000 -0.116762    0.181266 -0.181266   \n",
       "age                    0.060975 -0.116762  1.000000   -0.599195  0.599195   \n",
       "type_condo            -0.369423  0.181266 -0.599195    1.000000 -1.000000   \n",
       "type_hdb               0.369423 -0.181266  0.599195   -1.000000  1.000000   \n",
       "bathroom_area         -0.042618 -0.107546  0.039182    0.085622 -0.085622   \n",
       "bedroom_area           0.092344 -0.164558  0.171830   -0.186497  0.186497   \n",
       "remaining_area        -0.093377  0.025010  0.087904    0.043873 -0.043873   \n",
       "convenience            0.896743  0.287523  0.006821   -0.277455  0.277455   \n",
       "distance_from_central  0.417048 -0.372251  0.004781   -0.286171  0.286171   \n",
       "price_sqft            -0.442197  0.403920 -0.580174    0.795512 -0.795512   \n",
       "\n",
       "                       bathroom_area  bedroom_area  remaining_area  \\\n",
       "area                        0.892489      0.930523        0.703908   \n",
       "bathroom                    0.911181      0.703371        0.249378   \n",
       "bedroom                     0.705989      0.912727        0.179164   \n",
       "lat                         0.037311      0.169406       -0.095221   \n",
       "long                       -0.029219     -0.023170       -0.075566   \n",
       "school                     -0.042618      0.092344       -0.093377   \n",
       "mrt                        -0.107546     -0.164558        0.025010   \n",
       "age                         0.039182      0.171830        0.087904   \n",
       "type_condo                  0.085622     -0.186497        0.043873   \n",
       "type_hdb                   -0.085622      0.186497       -0.043873   \n",
       "bathroom_area               1.000000      0.865226        0.455888   \n",
       "bedroom_area                0.865226      1.000000        0.411184   \n",
       "remaining_area              0.455888      0.411184        1.000000   \n",
       "convenience                -0.089657      0.015839       -0.079469   \n",
       "distance_from_central       0.068408      0.197546       -0.059182   \n",
       "price_sqft                 -0.060933     -0.284501       -0.013792   \n",
       "\n",
       "                       convenience  distance_from_central  price_sqft  \n",
       "area                     -0.037418               0.112125   -0.189699  \n",
       "bathroom                 -0.064874               0.103933   -0.063693  \n",
       "bedroom                   0.104603               0.288050   -0.422425  \n",
       "lat                       0.395805               0.758342   -0.583385  \n",
       "long                      0.068332               0.250361   -0.069531  \n",
       "school                    0.896743               0.417048   -0.442197  \n",
       "mrt                       0.287523              -0.372251    0.403920  \n",
       "age                       0.006821               0.004781   -0.580174  \n",
       "type_condo               -0.277455              -0.286171    0.795512  \n",
       "type_hdb                  0.277455               0.286171   -0.795512  \n",
       "bathroom_area            -0.089657               0.068408   -0.060933  \n",
       "bedroom_area              0.015839               0.197546   -0.284501  \n",
       "remaining_area           -0.079469              -0.059182   -0.013792  \n",
       "convenience               1.000000               0.238000   -0.248214  \n",
       "distance_from_central     0.238000               1.000000   -0.594231  \n",
       "price_sqft               -0.248214              -0.594231    1.000000  "
      ]
     },
     "execution_count": 29,
     "metadata": {},
     "output_type": "execute_result"
    }
   ],
   "source": [
    "df.corr()"
   ]
  },
  {
   "cell_type": "code",
   "execution_count": 30,
   "metadata": {},
   "outputs": [],
   "source": [
    "hdb = df[df['type_hdb']==1]\n",
    "condo = df[df['type_condo'] ==1]"
   ]
  },
  {
   "cell_type": "code",
   "execution_count": 31,
   "metadata": {},
   "outputs": [
    {
     "data": {
      "text/html": [
       "<div>\n",
       "<style scoped>\n",
       "    .dataframe tbody tr th:only-of-type {\n",
       "        vertical-align: middle;\n",
       "    }\n",
       "\n",
       "    .dataframe tbody tr th {\n",
       "        vertical-align: top;\n",
       "    }\n",
       "\n",
       "    .dataframe thead th {\n",
       "        text-align: right;\n",
       "    }\n",
       "</style>\n",
       "<table border=\"1\" class=\"dataframe\">\n",
       "  <thead>\n",
       "    <tr style=\"text-align: right;\">\n",
       "      <th></th>\n",
       "      <th>area</th>\n",
       "      <th>bathroom</th>\n",
       "      <th>bedroom</th>\n",
       "      <th>lat</th>\n",
       "      <th>long</th>\n",
       "      <th>school</th>\n",
       "      <th>mrt</th>\n",
       "      <th>age</th>\n",
       "      <th>type_condo</th>\n",
       "      <th>type_hdb</th>\n",
       "      <th>bathroom_area</th>\n",
       "      <th>bedroom_area</th>\n",
       "      <th>remaining_area</th>\n",
       "      <th>convenience</th>\n",
       "      <th>distance_from_central</th>\n",
       "      <th>price_sqft</th>\n",
       "    </tr>\n",
       "  </thead>\n",
       "  <tbody>\n",
       "    <tr>\n",
       "      <td>area</td>\n",
       "      <td>1.000000</td>\n",
       "      <td>0.507032</td>\n",
       "      <td>0.774651</td>\n",
       "      <td>0.189404</td>\n",
       "      <td>-0.037130</td>\n",
       "      <td>0.060652</td>\n",
       "      <td>-0.086167</td>\n",
       "      <td>-0.156708</td>\n",
       "      <td>NaN</td>\n",
       "      <td>NaN</td>\n",
       "      <td>0.885533</td>\n",
       "      <td>0.938093</td>\n",
       "      <td>0.731049</td>\n",
       "      <td>0.031697</td>\n",
       "      <td>0.290914</td>\n",
       "      <td>-0.099008</td>\n",
       "    </tr>\n",
       "    <tr>\n",
       "      <td>bathroom</td>\n",
       "      <td>0.507032</td>\n",
       "      <td>1.000000</td>\n",
       "      <td>0.417357</td>\n",
       "      <td>0.202092</td>\n",
       "      <td>-0.018496</td>\n",
       "      <td>0.051040</td>\n",
       "      <td>-0.084252</td>\n",
       "      <td>-0.179731</td>\n",
       "      <td>NaN</td>\n",
       "      <td>NaN</td>\n",
       "      <td>0.819369</td>\n",
       "      <td>0.487346</td>\n",
       "      <td>0.184125</td>\n",
       "      <td>0.023110</td>\n",
       "      <td>0.227786</td>\n",
       "      <td>-0.040369</td>\n",
       "    </tr>\n",
       "    <tr>\n",
       "      <td>bedroom</td>\n",
       "      <td>0.774651</td>\n",
       "      <td>0.417357</td>\n",
       "      <td>1.000000</td>\n",
       "      <td>0.188586</td>\n",
       "      <td>-0.007285</td>\n",
       "      <td>0.083015</td>\n",
       "      <td>-0.055497</td>\n",
       "      <td>-0.209070</td>\n",
       "      <td>NaN</td>\n",
       "      <td>NaN</td>\n",
       "      <td>0.687717</td>\n",
       "      <td>0.921102</td>\n",
       "      <td>0.211215</td>\n",
       "      <td>0.062338</td>\n",
       "      <td>0.256456</td>\n",
       "      <td>-0.031828</td>\n",
       "    </tr>\n",
       "    <tr>\n",
       "      <td>lat</td>\n",
       "      <td>0.189404</td>\n",
       "      <td>0.202092</td>\n",
       "      <td>0.188586</td>\n",
       "      <td>1.000000</td>\n",
       "      <td>0.055104</td>\n",
       "      <td>0.447339</td>\n",
       "      <td>-0.145232</td>\n",
       "      <td>-0.550086</td>\n",
       "      <td>NaN</td>\n",
       "      <td>NaN</td>\n",
       "      <td>0.198562</td>\n",
       "      <td>0.186994</td>\n",
       "      <td>0.107731</td>\n",
       "      <td>0.382614</td>\n",
       "      <td>0.676833</td>\n",
       "      <td>-0.315759</td>\n",
       "    </tr>\n",
       "    <tr>\n",
       "      <td>long</td>\n",
       "      <td>-0.037130</td>\n",
       "      <td>-0.018496</td>\n",
       "      <td>-0.007285</td>\n",
       "      <td>0.055104</td>\n",
       "      <td>1.000000</td>\n",
       "      <td>0.218064</td>\n",
       "      <td>0.027377</td>\n",
       "      <td>-0.069755</td>\n",
       "      <td>NaN</td>\n",
       "      <td>NaN</td>\n",
       "      <td>-0.040714</td>\n",
       "      <td>-0.035032</td>\n",
       "      <td>-0.023283</td>\n",
       "      <td>0.216315</td>\n",
       "      <td>0.118233</td>\n",
       "      <td>0.157366</td>\n",
       "    </tr>\n",
       "    <tr>\n",
       "      <td>school</td>\n",
       "      <td>0.060652</td>\n",
       "      <td>0.051040</td>\n",
       "      <td>0.083015</td>\n",
       "      <td>0.447339</td>\n",
       "      <td>0.218064</td>\n",
       "      <td>1.000000</td>\n",
       "      <td>-0.003473</td>\n",
       "      <td>-0.331266</td>\n",
       "      <td>NaN</td>\n",
       "      <td>NaN</td>\n",
       "      <td>0.042154</td>\n",
       "      <td>0.055577</td>\n",
       "      <td>0.051902</td>\n",
       "      <td>0.952811</td>\n",
       "      <td>0.374451</td>\n",
       "      <td>-0.114098</td>\n",
       "    </tr>\n",
       "    <tr>\n",
       "      <td>mrt</td>\n",
       "      <td>-0.086167</td>\n",
       "      <td>-0.084252</td>\n",
       "      <td>-0.055497</td>\n",
       "      <td>-0.145232</td>\n",
       "      <td>0.027377</td>\n",
       "      <td>-0.003473</td>\n",
       "      <td>1.000000</td>\n",
       "      <td>0.146418</td>\n",
       "      <td>NaN</td>\n",
       "      <td>NaN</td>\n",
       "      <td>-0.087972</td>\n",
       "      <td>-0.072504</td>\n",
       "      <td>-0.072967</td>\n",
       "      <td>0.300253</td>\n",
       "      <td>-0.184313</td>\n",
       "      <td>0.204065</td>\n",
       "    </tr>\n",
       "    <tr>\n",
       "      <td>age</td>\n",
       "      <td>-0.156708</td>\n",
       "      <td>-0.179731</td>\n",
       "      <td>-0.209070</td>\n",
       "      <td>-0.550086</td>\n",
       "      <td>-0.069755</td>\n",
       "      <td>-0.331266</td>\n",
       "      <td>0.146418</td>\n",
       "      <td>1.000000</td>\n",
       "      <td>NaN</td>\n",
       "      <td>NaN</td>\n",
       "      <td>-0.140402</td>\n",
       "      <td>-0.151509</td>\n",
       "      <td>-0.105627</td>\n",
       "      <td>-0.271536</td>\n",
       "      <td>-0.476811</td>\n",
       "      <td>-0.264921</td>\n",
       "    </tr>\n",
       "    <tr>\n",
       "      <td>type_condo</td>\n",
       "      <td>NaN</td>\n",
       "      <td>NaN</td>\n",
       "      <td>NaN</td>\n",
       "      <td>NaN</td>\n",
       "      <td>NaN</td>\n",
       "      <td>NaN</td>\n",
       "      <td>NaN</td>\n",
       "      <td>NaN</td>\n",
       "      <td>NaN</td>\n",
       "      <td>NaN</td>\n",
       "      <td>NaN</td>\n",
       "      <td>NaN</td>\n",
       "      <td>NaN</td>\n",
       "      <td>NaN</td>\n",
       "      <td>NaN</td>\n",
       "      <td>NaN</td>\n",
       "    </tr>\n",
       "    <tr>\n",
       "      <td>type_hdb</td>\n",
       "      <td>NaN</td>\n",
       "      <td>NaN</td>\n",
       "      <td>NaN</td>\n",
       "      <td>NaN</td>\n",
       "      <td>NaN</td>\n",
       "      <td>NaN</td>\n",
       "      <td>NaN</td>\n",
       "      <td>NaN</td>\n",
       "      <td>NaN</td>\n",
       "      <td>NaN</td>\n",
       "      <td>NaN</td>\n",
       "      <td>NaN</td>\n",
       "      <td>NaN</td>\n",
       "      <td>NaN</td>\n",
       "      <td>NaN</td>\n",
       "      <td>NaN</td>\n",
       "    </tr>\n",
       "    <tr>\n",
       "      <td>bathroom_area</td>\n",
       "      <td>0.885533</td>\n",
       "      <td>0.819369</td>\n",
       "      <td>0.687717</td>\n",
       "      <td>0.198562</td>\n",
       "      <td>-0.040714</td>\n",
       "      <td>0.042154</td>\n",
       "      <td>-0.087972</td>\n",
       "      <td>-0.140402</td>\n",
       "      <td>NaN</td>\n",
       "      <td>NaN</td>\n",
       "      <td>1.000000</td>\n",
       "      <td>0.845523</td>\n",
       "      <td>0.524100</td>\n",
       "      <td>0.013504</td>\n",
       "      <td>0.270544</td>\n",
       "      <td>-0.086249</td>\n",
       "    </tr>\n",
       "    <tr>\n",
       "      <td>bedroom_area</td>\n",
       "      <td>0.938093</td>\n",
       "      <td>0.487346</td>\n",
       "      <td>0.921102</td>\n",
       "      <td>0.186994</td>\n",
       "      <td>-0.035032</td>\n",
       "      <td>0.055577</td>\n",
       "      <td>-0.072504</td>\n",
       "      <td>-0.151509</td>\n",
       "      <td>NaN</td>\n",
       "      <td>NaN</td>\n",
       "      <td>0.845523</td>\n",
       "      <td>1.000000</td>\n",
       "      <td>0.460512</td>\n",
       "      <td>0.031003</td>\n",
       "      <td>0.279802</td>\n",
       "      <td>-0.080810</td>\n",
       "    </tr>\n",
       "    <tr>\n",
       "      <td>remaining_area</td>\n",
       "      <td>0.731049</td>\n",
       "      <td>0.184125</td>\n",
       "      <td>0.211215</td>\n",
       "      <td>0.107731</td>\n",
       "      <td>-0.023283</td>\n",
       "      <td>0.051902</td>\n",
       "      <td>-0.072967</td>\n",
       "      <td>-0.105627</td>\n",
       "      <td>NaN</td>\n",
       "      <td>NaN</td>\n",
       "      <td>0.524100</td>\n",
       "      <td>0.460512</td>\n",
       "      <td>1.000000</td>\n",
       "      <td>0.027357</td>\n",
       "      <td>0.194331</td>\n",
       "      <td>-0.095012</td>\n",
       "    </tr>\n",
       "    <tr>\n",
       "      <td>convenience</td>\n",
       "      <td>0.031697</td>\n",
       "      <td>0.023110</td>\n",
       "      <td>0.062338</td>\n",
       "      <td>0.382614</td>\n",
       "      <td>0.216315</td>\n",
       "      <td>0.952811</td>\n",
       "      <td>0.300253</td>\n",
       "      <td>-0.271536</td>\n",
       "      <td>NaN</td>\n",
       "      <td>NaN</td>\n",
       "      <td>0.013504</td>\n",
       "      <td>0.031003</td>\n",
       "      <td>0.027357</td>\n",
       "      <td>1.000000</td>\n",
       "      <td>0.301224</td>\n",
       "      <td>-0.046887</td>\n",
       "    </tr>\n",
       "    <tr>\n",
       "      <td>distance_from_central</td>\n",
       "      <td>0.290914</td>\n",
       "      <td>0.227786</td>\n",
       "      <td>0.256456</td>\n",
       "      <td>0.676833</td>\n",
       "      <td>0.118233</td>\n",
       "      <td>0.374451</td>\n",
       "      <td>-0.184313</td>\n",
       "      <td>-0.476811</td>\n",
       "      <td>NaN</td>\n",
       "      <td>NaN</td>\n",
       "      <td>0.270544</td>\n",
       "      <td>0.279802</td>\n",
       "      <td>0.194331</td>\n",
       "      <td>0.301224</td>\n",
       "      <td>1.000000</td>\n",
       "      <td>-0.365757</td>\n",
       "    </tr>\n",
       "    <tr>\n",
       "      <td>price_sqft</td>\n",
       "      <td>-0.099008</td>\n",
       "      <td>-0.040369</td>\n",
       "      <td>-0.031828</td>\n",
       "      <td>-0.315759</td>\n",
       "      <td>0.157366</td>\n",
       "      <td>-0.114098</td>\n",
       "      <td>0.204065</td>\n",
       "      <td>-0.264921</td>\n",
       "      <td>NaN</td>\n",
       "      <td>NaN</td>\n",
       "      <td>-0.086249</td>\n",
       "      <td>-0.080810</td>\n",
       "      <td>-0.095012</td>\n",
       "      <td>-0.046887</td>\n",
       "      <td>-0.365757</td>\n",
       "      <td>1.000000</td>\n",
       "    </tr>\n",
       "  </tbody>\n",
       "</table>\n",
       "</div>"
      ],
      "text/plain": [
       "                           area  bathroom   bedroom       lat      long  \\\n",
       "area                   1.000000  0.507032  0.774651  0.189404 -0.037130   \n",
       "bathroom               0.507032  1.000000  0.417357  0.202092 -0.018496   \n",
       "bedroom                0.774651  0.417357  1.000000  0.188586 -0.007285   \n",
       "lat                    0.189404  0.202092  0.188586  1.000000  0.055104   \n",
       "long                  -0.037130 -0.018496 -0.007285  0.055104  1.000000   \n",
       "school                 0.060652  0.051040  0.083015  0.447339  0.218064   \n",
       "mrt                   -0.086167 -0.084252 -0.055497 -0.145232  0.027377   \n",
       "age                   -0.156708 -0.179731 -0.209070 -0.550086 -0.069755   \n",
       "type_condo                  NaN       NaN       NaN       NaN       NaN   \n",
       "type_hdb                    NaN       NaN       NaN       NaN       NaN   \n",
       "bathroom_area          0.885533  0.819369  0.687717  0.198562 -0.040714   \n",
       "bedroom_area           0.938093  0.487346  0.921102  0.186994 -0.035032   \n",
       "remaining_area         0.731049  0.184125  0.211215  0.107731 -0.023283   \n",
       "convenience            0.031697  0.023110  0.062338  0.382614  0.216315   \n",
       "distance_from_central  0.290914  0.227786  0.256456  0.676833  0.118233   \n",
       "price_sqft            -0.099008 -0.040369 -0.031828 -0.315759  0.157366   \n",
       "\n",
       "                         school       mrt       age  type_condo  type_hdb  \\\n",
       "area                   0.060652 -0.086167 -0.156708         NaN       NaN   \n",
       "bathroom               0.051040 -0.084252 -0.179731         NaN       NaN   \n",
       "bedroom                0.083015 -0.055497 -0.209070         NaN       NaN   \n",
       "lat                    0.447339 -0.145232 -0.550086         NaN       NaN   \n",
       "long                   0.218064  0.027377 -0.069755         NaN       NaN   \n",
       "school                 1.000000 -0.003473 -0.331266         NaN       NaN   \n",
       "mrt                   -0.003473  1.000000  0.146418         NaN       NaN   \n",
       "age                   -0.331266  0.146418  1.000000         NaN       NaN   \n",
       "type_condo                  NaN       NaN       NaN         NaN       NaN   \n",
       "type_hdb                    NaN       NaN       NaN         NaN       NaN   \n",
       "bathroom_area          0.042154 -0.087972 -0.140402         NaN       NaN   \n",
       "bedroom_area           0.055577 -0.072504 -0.151509         NaN       NaN   \n",
       "remaining_area         0.051902 -0.072967 -0.105627         NaN       NaN   \n",
       "convenience            0.952811  0.300253 -0.271536         NaN       NaN   \n",
       "distance_from_central  0.374451 -0.184313 -0.476811         NaN       NaN   \n",
       "price_sqft            -0.114098  0.204065 -0.264921         NaN       NaN   \n",
       "\n",
       "                       bathroom_area  bedroom_area  remaining_area  \\\n",
       "area                        0.885533      0.938093        0.731049   \n",
       "bathroom                    0.819369      0.487346        0.184125   \n",
       "bedroom                     0.687717      0.921102        0.211215   \n",
       "lat                         0.198562      0.186994        0.107731   \n",
       "long                       -0.040714     -0.035032       -0.023283   \n",
       "school                      0.042154      0.055577        0.051902   \n",
       "mrt                        -0.087972     -0.072504       -0.072967   \n",
       "age                        -0.140402     -0.151509       -0.105627   \n",
       "type_condo                       NaN           NaN             NaN   \n",
       "type_hdb                         NaN           NaN             NaN   \n",
       "bathroom_area               1.000000      0.845523        0.524100   \n",
       "bedroom_area                0.845523      1.000000        0.460512   \n",
       "remaining_area              0.524100      0.460512        1.000000   \n",
       "convenience                 0.013504      0.031003        0.027357   \n",
       "distance_from_central       0.270544      0.279802        0.194331   \n",
       "price_sqft                 -0.086249     -0.080810       -0.095012   \n",
       "\n",
       "                       convenience  distance_from_central  price_sqft  \n",
       "area                      0.031697               0.290914   -0.099008  \n",
       "bathroom                  0.023110               0.227786   -0.040369  \n",
       "bedroom                   0.062338               0.256456   -0.031828  \n",
       "lat                       0.382614               0.676833   -0.315759  \n",
       "long                      0.216315               0.118233    0.157366  \n",
       "school                    0.952811               0.374451   -0.114098  \n",
       "mrt                       0.300253              -0.184313    0.204065  \n",
       "age                      -0.271536              -0.476811   -0.264921  \n",
       "type_condo                     NaN                    NaN         NaN  \n",
       "type_hdb                       NaN                    NaN         NaN  \n",
       "bathroom_area             0.013504               0.270544   -0.086249  \n",
       "bedroom_area              0.031003               0.279802   -0.080810  \n",
       "remaining_area            0.027357               0.194331   -0.095012  \n",
       "convenience               1.000000               0.301224   -0.046887  \n",
       "distance_from_central     0.301224               1.000000   -0.365757  \n",
       "price_sqft               -0.046887              -0.365757    1.000000  "
      ]
     },
     "execution_count": 31,
     "metadata": {},
     "output_type": "execute_result"
    }
   ],
   "source": [
    "hdb.corr()"
   ]
  },
  {
   "cell_type": "code",
   "execution_count": 32,
   "metadata": {},
   "outputs": [
    {
     "data": {
      "text/html": [
       "<div>\n",
       "<style scoped>\n",
       "    .dataframe tbody tr th:only-of-type {\n",
       "        vertical-align: middle;\n",
       "    }\n",
       "\n",
       "    .dataframe tbody tr th {\n",
       "        vertical-align: top;\n",
       "    }\n",
       "\n",
       "    .dataframe thead th {\n",
       "        text-align: right;\n",
       "    }\n",
       "</style>\n",
       "<table border=\"1\" class=\"dataframe\">\n",
       "  <thead>\n",
       "    <tr style=\"text-align: right;\">\n",
       "      <th></th>\n",
       "      <th>area</th>\n",
       "      <th>bathroom</th>\n",
       "      <th>bedroom</th>\n",
       "      <th>lat</th>\n",
       "      <th>long</th>\n",
       "      <th>school</th>\n",
       "      <th>mrt</th>\n",
       "      <th>age</th>\n",
       "      <th>type_condo</th>\n",
       "      <th>type_hdb</th>\n",
       "      <th>bathroom_area</th>\n",
       "      <th>bedroom_area</th>\n",
       "      <th>remaining_area</th>\n",
       "      <th>convenience</th>\n",
       "      <th>distance_from_central</th>\n",
       "      <th>price_sqft</th>\n",
       "    </tr>\n",
       "  </thead>\n",
       "  <tbody>\n",
       "    <tr>\n",
       "      <td>area</td>\n",
       "      <td>1.000000</td>\n",
       "      <td>0.776055</td>\n",
       "      <td>0.784259</td>\n",
       "      <td>-0.010719</td>\n",
       "      <td>-0.053404</td>\n",
       "      <td>-0.061370</td>\n",
       "      <td>-0.104359</td>\n",
       "      <td>0.361636</td>\n",
       "      <td>NaN</td>\n",
       "      <td>NaN</td>\n",
       "      <td>0.919834</td>\n",
       "      <td>0.935150</td>\n",
       "      <td>0.703618</td>\n",
       "      <td>-0.115208</td>\n",
       "      <td>0.016401</td>\n",
       "      <td>-0.236302</td>\n",
       "    </tr>\n",
       "    <tr>\n",
       "      <td>bathroom</td>\n",
       "      <td>0.776055</td>\n",
       "      <td>1.000000</td>\n",
       "      <td>0.820065</td>\n",
       "      <td>0.109375</td>\n",
       "      <td>0.004977</td>\n",
       "      <td>0.036548</td>\n",
       "      <td>-0.169445</td>\n",
       "      <td>0.233856</td>\n",
       "      <td>NaN</td>\n",
       "      <td>NaN</td>\n",
       "      <td>0.926172</td>\n",
       "      <td>0.825100</td>\n",
       "      <td>0.263048</td>\n",
       "      <td>-0.060816</td>\n",
       "      <td>0.124686</td>\n",
       "      <td>-0.268653</td>\n",
       "    </tr>\n",
       "    <tr>\n",
       "      <td>bedroom</td>\n",
       "      <td>0.784259</td>\n",
       "      <td>0.820065</td>\n",
       "      <td>1.000000</td>\n",
       "      <td>0.187234</td>\n",
       "      <td>0.029540</td>\n",
       "      <td>0.111857</td>\n",
       "      <td>-0.207051</td>\n",
       "      <td>0.213371</td>\n",
       "      <td>NaN</td>\n",
       "      <td>NaN</td>\n",
       "      <td>0.811685</td>\n",
       "      <td>0.919278</td>\n",
       "      <td>0.204014</td>\n",
       "      <td>-0.012023</td>\n",
       "      <td>0.197414</td>\n",
       "      <td>-0.317825</td>\n",
       "    </tr>\n",
       "    <tr>\n",
       "      <td>lat</td>\n",
       "      <td>-0.010719</td>\n",
       "      <td>0.109375</td>\n",
